a)
Iteracja: 100
MFC: 9971
9 11 0 1 8 10 13 14 5 2 7 6 4 3 12 [8700]
12 4 3 6 2 7 5 14 13 10 8 0 9 1 11 [8751]
9 0 11 1 8 10 13 5 14 2 7 6 3 12 4 [8783]
12 3 4 6 7 2 14 13 5 8 1 10 11 0 9 [8800]
11 9 0 10 1 13 8 5 14 7 6 4 2 3 12 [8850]

Iteracja: 200
MFC: 9767
9 11 0 1 8 10 13 5 14 2 7 6 3 4 12 [8667]
9 11 0 10 1 8 13 5 14 7 6 2 3 4 12 [8687]
9 11 0 1 8 10 13 5 14 2 7 6 4 3 12 [8688]
12 4 3 6 7 2 14 5 13 10 8 0 9 1 11 [8700]
12 3 4 6 7 2 14 5 13 8 1 10 11 0 9 [8705]

Iteracja: 300
MFC: 9691
12 4 3 6 7 2 14 5 13 8 1 10 0 11 9 [8631]
9 11 1 0 8 10 13 5 14 2 7 6 3 4 12 [8644]
12 4 3 6 7 2 14 5 13 10 0 8 1 11 9 [8645]
9 11 1 0 10 8 13 5 14 2 7 6 3 4 12 [8645]
9 11 0 10 1 13 5 14 8 2 7 6 3 4 12 [8665]

Iteracja: 400
MFC: 9649
12 4 3 6 7 2 14 5 13 8 1 10 0 11 9 [8631]
9 11 1 0 8 10 13 5 14 2 7 6 3 4 12 [8644]
12 4 3 6 7 2 14 5 13 10 8 0 1 11 9 [8644]
12 4 3 6 7 2 14 5 13 10 0 8 1 11 9 [8645]
9 11 1 8 0 10 13 5 14 2 7 6 3 4 12 [8645]

Iteracja: 500
MFC: 9611
12 4 3 6 7 2 14 5 13 8 1 10 0 11 9 [8631]
9 11 0 10 1 8 13 5 14 2 7 6 3 4 12 [8631]
9 11 1 0 8 10 13 5 14 2 7 6 3 4 12 [8644]
12 4 3 6 7 2 14 5 13 10 8 0 1 11 9 [8644]
9 11 0 10 1 13 8 5 14 2 7 6 3 4 12 [8649]

Iteracja: 600
MFC: 9624
12 4 3 6 7 2 14 5 13 8 1 10 0 11 9 [8631]
9 11 0 10 1 8 13 5 14 2 7 6 3 4 12 [8631]
9 11 1 0 8 10 13 5 14 2 7 6 3 4 12 [8644]
12 4 3 6 7 2 14 5 13 10 8 0 1 11 9 [8644]
12 4 3 6 7 2 14 5 13 10 0 8 1 11 9 [8645]

Iteracja: 700
MFC: 9602
12 4 3 6 7 2 14 5 13 8 1 10 0 11 9 [8631]
9 11 0 10 1 8 13 5 14 2 7 6 3 4 12 [8631]
9 11 1 0 8 10 13 5 14 2 7 6 3 4 12 [8644]
12 4 3 6 7 2 14 5 13 10 8 0 1 11 9 [8644]
9 11 0 10 1 13 8 5 14 2 7 6 3 4 12 [8649]

Iteracja: 800
MFC: 9575
12 4 3 6 7 2 14 5 13 8 1 10 0 11 9 [8631]
9 11 0 10 1 8 13 5 14 2 7 6 3 4 12 [8631]
9 11 1 0 8 10 13 5 14 2 7 6 3 4 12 [8644]
12 4 3 6 7 2 14 5 13 10 8 0 1 11 9 [8644]
12 4 3 6 7 2 5 14 13 10 8 0 1 11 9 [8656]

Iteracja: 900
MFC: 9597
12 4 3 6 7 2 14 5 13 8 1 10 0 11 9 [8631]
9 11 0 10 1 8 13 5 14 2 7 6 3 4 12 [8631]
9 11 1 0 8 10 13 5 14 2 7 6 3 4 12 [8644]
12 4 3 6 7 2 14 5 13 10 8 0 1 11 9 [8644]
12 4 3 6 7 2 14 5 8 13 1 10 0 11 9 [8649]

Iteracja: 1000
MFC: 9565
12 4 3 6 7 2 14 5 13 8 1 10 0 11 9 [8631]
9 11 0 10 1 8 13 5 14 2 7 6 3 4 12 [8631]
9 11 1 0 8 10 13 5 14 2 7 6 3 4 12 [8644]
12 4 3 6 7 2 14 5 13 10 8 0 1 11 9 [8644]
9 11 1 0 8 10 13 5 14 7 2 6 3 4 12 [8683]

b)
Iteracja: 1000
MFC: 9613
12 4 3 6 7 2 14 5 13 8 1 10 0 11 9 [8631]
9 11 0 10 1 8 13 5 14 2 7 6 3 4 12 [8631]
9 11 1 0 8 10 13 5 14 2 7 6 3 4 12 [8644]
12 4 3 6 7 2 14 5 13 10 8 0 1 11 9 [8644]
12 4 3 6 7 2 5 14 8 13 1 10 0 11 9 [8661]

Iteracja: 2000
MFC: 9575
12 4 3 6 7 2 14 5 13 8 1 10 0 11 9 [8631]
9 11 0 10 1 8 13 5 14 2 7 6 3 4 12 [8631]
9 11 1 0 8 10 13 5 14 2 7 6 3 4 12 [8644]
12 4 3 6 7 2 14 5 13 10 8 0 1 11 9 [8644]
12 4 3 6 7 2 14 5 13 10 8 0 9 1 11 [8700]

Iteracja: 3000
MFC: 9580
12 4 3 6 7 2 14 5 13 8 1 10 0 11 9 [8631]
9 11 0 10 1 8 13 5 14 2 7 6 3 4 12 [8631]
9 11 1 0 8 10 13 5 14 2 7 6 3 4 12 [8644]
12 4 3 6 7 2 14 5 13 10 8 0 1 11 9 [8644]
12 4 3 6 7 2 14 5 13 10 8 0 9 1 11 [8700]

Iteracja: 4000
MFC: 9587
12 4 3 6 7 2 14 5 13 8 1 10 0 11 9 [8631]
9 11 0 10 1 8 13 5 14 2 7 6 3 4 12 [8631]
9 11 1 0 8 10 13 5 14 2 7 6 3 4 12 [8644]
12 4 3 6 7 2 14 5 13 10 8 0 1 11 9 [8644]
12 4 3 6 7 2 14 5 13 10 8 0 9 1 11 [8700]

Iteracja: 5000
MFC: 9573
12 4 3 6 7 2 14 5 13 8 1 10 0 11 9 [8631]
9 11 0 10 1 8 13 5 14 2 7 6 3 4 12 [8631]
9 11 1 0 8 10 13 5 14 2 7 6 3 4 12 [8644]
12 4 3 6 7 2 14 5 13 10 8 0 1 11 9 [8644]
12 4 3 6 7 2 14 5 13 10 8 0 9 1 11 [8700]

Iteracja: 6000
MFC: 9604
12 4 3 6 7 2 14 5 13 8 1 10 0 11 9 [8631]
9 11 0 10 1 8 13 5 14 2 7 6 3 4 12 [8631]
9 11 1 0 8 10 13 5 14 2 7 6 3 4 12 [8644]
12 4 3 6 7 2 14 5 13 10 8 0 1 11 9 [8644]
12 4 3 6 7 2 14 5 13 10 8 0 9 1 11 [8700]

Iteracja: 7000
MFC: 9577
12 4 3 6 7 2 14 5 13 8 1 10 0 11 9 [8631]
9 11 0 10 1 8 13 5 14 2 7 6 3 4 12 [8631]
9 11 1 0 8 10 13 5 14 2 7 6 3 4 12 [8644]
12 4 3 6 7 2 14 5 13 10 8 0 1 11 9 [8644]
12 4 3 6 7 2 14 5 13 10 8 0 9 1 11 [8700]

Iteracja: 8000
MFC: 9587
12 4 3 6 7 2 14 5 13 8 1 10 0 11 9 [8631]
9 11 0 10 1 8 13 5 14 2 7 6 3 4 12 [8631]
9 11 1 0 8 10 13 5 14 2 7 6 3 4 12 [8644]
12 4 3 6 7 2 14 5 13 10 8 0 1 11 9 [8644]
12 4 3 6 7 2 14 5 13 10 8 0 9 1 11 [8700]

Iteracja: 9000
MFC: 9555
12 4 3 6 7 2 14 5 13 8 1 10 0 11 9 [8631]
9 11 0 10 1 8 13 5 14 2 7 6 3 4 12 [8631]
9 11 1 0 8 10 13 5 14 2 7 6 3 4 12 [8644]
12 4 3 6 7 2 14 5 13 10 8 0 1 11 9 [8644]
12 4 3 6 7 2 14 5 13 10 8 0 9 1 11 [8700]

Iteracja: 10000
MFC: 9562
12 4 3 6 7 2 14 5 13 8 1 10 0 11 9 [8631]
9 11 0 10 1 8 13 5 14 2 7 6 3 4 12 [8631]
9 11 1 0 8 10 13 5 14 2 7 6 3 4 12 [8644]
12 4 3 6 7 2 14 5 13 10 8 0 1 11 9 [8644]
12 4 3 6 7 2 14 5 13 10 8 0 9 1 11 [8700]

c)
Iteracja: 10
MFC: 11232
12 0 9 11 13 1 10 5 14 4 7 6 8 2 3 [9287]
4 3 5 12 2 7 6 14 10 13 1 8 0 11 9 [9336]
11 1 12 0 13 10 9 8 5 14 4 6 7 2 3 [9358]
1 8 2 0 11 9 13 10 5 14 7 3 6 4 12 [9362]
1 9 11 0 10 8 6 13 14 5 7 4 2 12 3 [9409]

Iteracja: 20
MFC: 10706
9 11 1 5 13 0 10 14 8 7 6 2 3 12 4 [8975]
4 12 5 3 2 7 6 14 8 13 10 1 0 11 9 [9006]
12 3 4 6 2 7 14 5 10 8 1 13 11 9 0 [9032]
1 11 9 0 10 8 5 13 14 6 7 3 2 12 4 [9018]
9 12 0 11 1 10 13 4 8 14 6 7 3 2 5 [9104]

Iteracja: 30
MFC: 10410
4 12 5 3 14 7 6 2 8 13 1 10 0 11 9 [8862]
9 11 1 13 5 0 10 14 8 7 6 2 3 4 12 [8867]
12 4 3 6 7 2 8 14 10 5 0 9 13 11 1 [8895]
1 11 9 0 10 8 5 13 14 6 7 3 2 4 12 [8955]
4 12 5 3 14 7 6 2 13 10 8 9 0 1 11 [8976]

Iteracja: 40
MFC: 10205
9 11 1 0 8 10 13 5 14 2 7 6 3 4 12 [8644]
4 12 5 3 14 7 6 2 8 13 1 10 0 11 9 [8862]
9 11 1 13 5 0 10 14 8 7 6 2 3 4 12 [8867]
1 11 9 0 10 8 2 13 14 6 7 3 5 4 12 [8875]
12 4 3 6 7 2 8 14 10 5 0 9 13 11 1 [8895]

Iteracja: 50
MFC: 10062
9 11 1 0 8 10 13 5 14 2 7 6 3 4 12 [8644]
12 3 4 6 2 7 14 5 8 10 13 1 11 0 9 [8848]
4 12 5 3 14 7 6 2 8 13 1 10 0 11 9 [8862]
1 11 9 0 10 8 2 13 14 6 7 5 3 4 12 [8865]
9 11 1 13 5 0 10 14 8 7 6 2 3 4 12 [8867]

Iteracja: 60
MFC: 9940
9 11 1 0 8 10 13 5 14 2 7 6 3 4 12 [8644]
12 4 3 6 7 2 14 5 13 8 0 10 9 1 11 [8795]
4 12 3 6 7 2 14 5 8 10 13 0 9 1 11 [8831]
4 12 5 3 7 14 6 2 13 8 1 10 0 11 9 [8832]
12 3 4 6 2 7 14 5 8 10 13 1 0 11 9 [8795]

Iteracja: 70
MFC: 9853
9 11 1 0 8 10 13 5 14 2 7 6 3 4 12 [8644]
12 4 3 6 7 2 14 5 13 8 0 10 9 1 11 [8795]
12 3 4 6 2 7 14 5 8 10 13 1 0 11 9 [8795]
12 3 4 7 2 6 14 5 13 8 1 10 0 11 9 [8827]
4 12 3 6 7 2 14 5 8 10 13 0 9 1 11 [8831]

Iteracja: 80
MFC: 9797
9 11 1 0 8 10 13 5 14 2 7 6 3 4 12 [8644]
12 3 4 6 2 7 14 5 13 10 8 1 0 11 9 [8727]
11 1 9 0 8 10 13 14 5 7 2 6 3 4 12 [8751]
9 11 1 8 0 10 13 5 14 6 7 2 4 3 12 [8768]
12 4 3 6 7 2 14 5 13 8 0 10 9 1 11 [8795]

Iteracja: 90
MFC: 9736
9 11 1 0 8 10 13 5 14 2 7 6 3 4 12 [8644]
9 11 0 10 1 8 13 5 14 2 7 6 4 3 12 [8652]
12 4 3 6 7 2 14 5 13 10 0 8 9 1 11 [8701]
9 11 0 10 1 13 5 8 14 2 7 6 4 3 12 [8721]
11 9 0 1 8 10 13 5 14 2 7 6 3 4 12 [8725]

Iteracja: 100
MFC: 9681
9 11 1 0 8 10 13 5 14 2 7 6 3 4 12 [8644]
9 11 1 8 0 10 13 5 14 2 7 6 3 4 12 [8645]
9 11 0 10 1 8 13 5 14 2 7 6 4 3 12 [8652]
12 4 3 6 7 2 14 5 13 10 0 8 9 1 11 [8701]
12 4 3 6 2 7 14 5 8 13 10 0 1 11 9 [8702]

d)
Iteracja: 100
MFC: 9692
12 4 3 6 7 2 14 5 8 13 10 0 1 11 9 [8663]
12 3 4 6 7 2 5 14 13 8 1 10 0 11 9 [8664]
12 4 3 2 6 7 5 14 13 8 1 10 0 11 9 [8699]
11 1 9 0 10 8 13 5 14 2 7 6 3 4 12 [8701]
12 4 3 6 7 2 14 5 13 10 0 8 11 1 9 [8719]

Iteracja: 200
MFC: 9435
12 4 3 6 7 2 14 5 13 8 1 10 0 11 9 [8631]
12 4 3 6 7 2 5 14 13 8 1 10 0 11 9 [8643]
12 4 3 6 7 2 14 5 13 10 8 0 1 11 9 [8644]
9 11 1 0 8 10 13 5 14 2 7 6 3 4 12 [8644]
9 11 1 8 0 10 13 5 14 2 7 6 3 4 12 [8645]

Iteracja: 300
MFC: 9346
12 4 3 6 7 2 14 5 13 8 1 10 0 11 9 [8631]
9 11 0 10 1 8 13 5 14 2 7 6 3 4 12 [8631]
12 4 3 6 7 2 5 14 13 8 1 10 0 11 9 [8643]
12 4 3 6 7 2 14 5 13 10 8 0 1 11 9 [8644]
9 11 1 0 8 10 13 5 14 2 7 6 3 4 12 [8644]

Iteracja: 400
MFC: 9305
12 4 3 6 7 2 14 5 13 8 1 10 0 11 9 [8631]
9 11 0 10 1 8 13 5 14 2 7 6 3 4 12 [8631]
12 4 3 6 7 2 5 14 13 8 1 10 0 11 9 [8643]
9 11 0 10 1 8 13 14 5 2 7 6 3 4 12 [8643]
12 4 3 6 7 2 14 5 13 10 8 0 1 11 9 [8644]

Iteracja: 500
MFC: 9266
12 4 3 6 7 2 14 5 13 8 1 10 0 11 9 [8631]
9 11 0 10 1 8 13 5 14 2 7 6 3 4 12 [8631]
9 11 0 10 1 8 13 14 5 2 7 6 3 4 12 [8643]
12 4 3 6 7 2 5 14 13 8 1 10 0 11 9 [8643]
12 4 3 6 7 2 14 5 13 10 8 0 1 11 9 [8644]

Iteracja: 600
MFC: 9255
12 4 3 6 7 2 14 5 13 8 1 10 0 11 9 [8631]
9 11 0 10 1 8 13 5 14 2 7 6 3 4 12 [8631]
9 11 0 10 1 8 13 14 5 2 7 6 3 4 12 [8643]
12 4 3 6 7 2 5 14 13 8 1 10 0 11 9 [8643]
12 4 3 6 7 2 14 5 13 10 8 0 1 11 9 [8644]

Iteracja: 700
MFC: 9254
12 4 3 6 7 2 14 5 13 8 1 10 0 11 9 [8631]
9 11 0 10 1 8 13 5 14 2 7 6 3 4 12 [8631]
9 11 0 10 1 8 13 14 5 2 7 6 3 4 12 [8643]
12 4 3 6 7 2 5 14 13 8 1 10 0 11 9 [8643]
12 4 3 6 7 2 14 5 13 10 8 0 1 11 9 [8644]

Iteracja: 800
MFC: 9250
12 4 3 6 7 2 14 5 13 8 1 10 0 11 9 [8631]
9 11 0 10 1 8 13 5 14 2 7 6 3 4 12 [8631]
12 4 3 6 7 2 14 5 13 10 8 0 1 11 9 [8644]
9 11 1 0 8 10 13 5 14 2 7 6 3 4 12 [8644]
9 11 1 0 10 8 13 5 14 2 7 6 3 4 12 [8645]

Iteracja: 900
MFC: 9254
12 4 3 6 7 2 14 5 13 8 1 10 0 11 9 [8631]
9 11 0 10 1 8 13 5 14 2 7 6 3 4 12 [8631]
12 4 3 6 7 2 5 14 13 8 1 10 0 11 9 [8643]
12 4 3 6 7 2 14 5 13 10 8 0 1 11 9 [8644]
9 11 1 0 8 10 13 5 14 2 7 6 3 4 12 [8644]

Iteracja: 1000
MFC: 9238
12 4 3 6 7 2 14 5 13 8 1 10 0 11 9 [8631]
9 11 0 10 1 8 13 5 14 2 7 6 3 4 12 [8631]
9 11 0 10 1 8 13 14 5 2 7 6 3 4 12 [8643]
12 4 3 6 7 2 14 5 13 10 8 0 1 11 9 [8644]
9 11 1 0 8 10 13 5 14 2 7 6 3 4 12 [8644]