Liczebnosc wynosi: 1000
Minimum wynosi: 15
Maksimum wynosi: 12340
Mediana wynosi: 5729.5
Posortowana tablica: 
15 39 57 57 109 123 133 142 186 
187 199 202 254 262 263 277 286 288 290 
290 292 298 326 331 338 342 348 367 378 
381 391 413 416 422 432 452 466 467 472 
503 506 508 529 541 548 552 561 562 587 
623 629 646 696 730 733 747 760 761 764 
770 797 821 828 839 846 853 855 855 866 
872 900 908 940 964 998 1002 1003 1009 1010 
1032 1032 1035 1055 1064 1077 1086 1095 1102 1110 
1123 1141 1179 1190 1194 1241 1244 1245 1266 1268 
1277 1303 1308 1316 1354 1361 1407 1407 1408 1429 
1434 1447 1451 1460 1466 1469 1471 1492 1503 1530 
1552 1560 1584 1589 1591 1603 1624 1642 1647 1660 
1661 1703 1704 1708 1717 1721 1726 1728 1733 1733 
1734 1737 1767 1784 1787 1792 1800 1807 1852 1896 
1901 1909 1912 1913 1918 1925 1934 1952 1953 1971 
1982 1996 2003 2007 2042 2042 2055 2080 2124 2124 
2125 2126 2129 2152 2174 2174 2199 2202 2220 2225 
2226 2235 2236 2243 2245 2253 2261 2266 2284 2295 
2301 2302 2330 2349 2360 2377 2408 2409 2409 2446 
2449 2455 2461 2466 2470 2481 2482 2483 2510 2514 
2526 2542 2556 2571 2577 2578 2587 2600 2603 2626 
2669 2674 2676 2678 2689 2702 2710 2718 2722 2725 
2738 2749 2766 2771 2779 2785 2794 2821 2823 2832 
2833 2838 2840 2856 2870 2881 2898 2901 2907 2920 
2942 2945 2947 2950 2965 2970 2976 2980 2993 2996 
3017 3030 3052 3068 3077 3100 3101 3104 3112 3120 
3143 3156 3157 3167 3185 3190 3193 3208 3216 3247 
3274 3299 3318 3321 3330 3339 3345 3351 3352 3360 
3370 3391 3391 3414 3430 3480 3507 3512 3519 3531 
3538 3549 3566 3570 3586 3609 3610 3612 3626 3632 
3644 3645 3651 3686 3712 3744 3745 3749 3757 3776 
3778 3796 3813 3854 3854 3894 3921 3948 3950 3952 
3957 3964 3967 3973 3992 4009 4034 4038 4044 4049 
4055 4074 4093 4123 4124 4144 4151 4155 4168 4172 
4175 4180 4187 4187 4190 4204 4215 4219 4223 4227 
4238 4249 4259 4259 4284 4296 4300 4306 4311 4327 
4339 4341 4342 4362 4367 4376 4400 4415 4450 4453 
4468 4483 4484 4494 4526 4561 4563 4577 4581 4606 
4621 4641 4647 4650 4656 4665 4688 4695 4706 4706 
4717 4719 4738 4762 4788 4792 4795 4799 4808 4817 
4839 4852 4858 4872 4876 4886 4886 4933 4933 4960 
4972 4974 4975 4989 4998 5014 5034 5035 5037 5094 
5108 5125 5131 5138 5145 5147 5150 5157 5162 5165 
5192 5257 5279 5288 5290 5303 5308 5314 5322 5332 
5336 5344 5354 5364 5382 5402 5423 5427 5427 5429 
5453 5470 5498 5500 5512 5513 5516 5518 5520 5527 
5539 5544 5546 5563 5563 5573 5575 5576 5577 5577 
5578 5592 5598 5606 5640 5651 5656 5657 5672 5675 
5678 5680 5682 5684 5687 5700 5700 5715 5715 5718 
5725 5734 5736 5767 5776 5783 5783 5797 5797 5807 
5839 5854 5862 5878 5887 5891 5905 5912 5951 5960 
5962 5963 5979 6006 6028 6031 6051 6075 6113 6129 
6139 6149 6153 6154 6168 6168 6169 6173 6181 6181 
6182 6204 6218 6228 6236 6236 6288 6297 6310 6312 
6321 6349 6366 6368 6371 6380 6383 6387 6428 6475 
6498 6501 6505 6511 6517 6562 6578 6583 6583 6623 
6644 6650 6684 6704 6724 6732 6743 6758 6762 6770 
6777 6825 6844 6876 6904 6939 6949 6955 6960 6966 
7000 7001 7004 7042 7065 7066 7076 7079 7165 7198 
7199 7209 7209 7226 7236 7242 7259 7301 7304 7311 
7317 7326 7388 7388 7414 7415 7415 7456 7456 7456 
7482 7491 7500 7506 7528 7529 7548 7548 7555 7562 
7563 7574 7584 7602 7604 7610 7622 7646 7649 7696 
7708 7719 7735 7736 7738 7740 7763 7785 7803 7855 
7868 7872 7872 7885 7889 7907 7911 7928 7932 7933 
7966 7975 7987 7998 8007 8041 8054 8054 8056 8060 
8079 8088 8108 8110 8117 8133 8135 8140 8142 8146 
8177 8202 8208 8208 8246 8268 8288 8303 8320 8321 
8323 8326 8329 8331 8348 8350 8351 8358 8369 8383 
8395 8408 8442 8455 8472 8507 8532 8537 8561 8618 
8652 8677 8679 8703 8721 8735 8769 8787 8792 8806 
8814 8823 8829 8842 8844 8894 8908 8915 8919 8962 
8964 8986 8994 9010 9027 9032 9051 9061 9095 9098 
9102 9102 9116 9138 9151 9166 9185 9188 9196 9212 
9245 9253 9297 9301 9304 9312 9323 9334 9354 9361 
9402 9409 9410 9416 9443 9457 9467 9467 9481 9488 
9494 9505 9517 9538 9545 9556 9568 9573 9588 9594 
9603 9619 9626 9633 9641 9646 9697 9700 9710 9747 
9757 9764 9766 9779 9784 9797 9799 9807 9821 9823 
9827 9857 9870 9896 9907 9922 9933 9938 9945 9965 
9974 9976 9982 10028 10037 10044 10051 10063 10072 10080 
10097 10104 10109 10134 10147 10172 10185 10196 10217 10245 
10279 10304 10322 10323 10334 10354 10382 10396 10406 10407 
10431 10449 10477 10478 10478 10496 10505 10508 10534 10561 
10565 10569 10586 10592 10612 10615 10639 10641 10660 10687 
10701 10709 10716 10730 10767 10768 10776 10779 10784 10810 
10831 10841 10869 10876 10885 10885 10888 10910 10920 10930 
10932 10939 10959 10968 10968 10976 10991 10991 11003 11014 
11021 11058 11061 11086 11088 11093 11095 11097 11099 11132 
11133 11143 11158 11200 11228 11230 11249 11255 11266 11272 
11280 11281 11292 11305 11311 11314 11314 11329 11343 11353 
11359 11438 11440 11442 11445 11475 11478 11490 11490 11503 
11526 11527 11546 11555 11578 11614 11620 11670 11691 11692 
11709 11727 11748 11776 11784 11791 11808 11818 11826 11836 
11858 11860 11860 11869 11872 11873 11883 11892 11903 11904 
11909 11936 11937 11942 11947 11948 11970 11991 11992 11996 
11996 12011 12030 12039 12041 12058 12059 12067 12077 12081 
12100 12123 12123 12152 12168 12171 12203 12207 12249 12255 
12290 12298 12299 12302 12306 12313 12320 12323 12326 12337 
12340 